% This file contains a brief summary of the land-surface average results 
% produced by the Berkeley Averaging method.  Temperatures are in 
% Celsius and reported as anomalies relative to the Jan 1951-Dec 1980
% average. Uncertainties represent the 95% confidence interval for 
% statistical and spatial undersampling effects.
% 
% The current dataset presented here is described as: 
% 
%   Estimated Global Land-Surface TAVG based on the Complete Berkeley Dataset
% 
% 
% This analysis was run on 12-Nov-2024 16:56:39
% 
% Results are based on 50738 time series 
%   with 21550254 data points
% 
% Estimated Jan 1951-Dec 1980 absolute temperature (C): 8.59 +/- 0.05
% 
% 
% 
% Year, Annual Anomaly, Annual Unc., Five-year Anomaly, Five-year Unc.
 
  1750      -1.256        0.910              NaN             NaN
  1751      -1.346        0.930              NaN             NaN
  1753      -0.993        1.403              NaN             NaN
  1754      -0.423        1.108              NaN             NaN
  1755      -0.732        0.963           -0.588           0.876
  1756      -0.450        1.304           -0.867           0.835
  1757      -0.341        1.041           -1.082           1.024
  1758      -2.389        1.216           -1.399           1.313
  1759      -1.499        1.757           -1.468           1.406
  1760      -2.318        2.171           -1.567           1.538
  1761      -0.792        1.673           -1.463           1.736
  1762      -0.836        1.619           -1.292           1.656
  1763      -1.870        2.137           -0.915           1.438
  1764      -0.645        1.414           -0.839           1.394
  1765      -0.433        1.237           -0.779           1.126
  1766      -0.411        1.627           -0.791           0.968
  1767      -0.534        0.997           -0.854           0.869
  1768      -1.932        1.430           -0.958           0.914
  1769      -0.960        1.252           -1.077           0.920
  1770      -0.951        1.174           -1.071           1.024
  1771      -1.006        1.291           -0.746           1.007
  1772      -0.508        1.214           -0.531           0.901
  1773      -0.305        1.454           -0.302           0.850
  1774       0.115        1.521           -0.275           0.914
  1775       0.191        1.377           -0.356           0.831
  1776      -0.871        1.572           -0.428           0.824
  1777      -0.910        0.944           -0.501           1.107
  1778      -0.667        1.476           -0.481           0.872
  1779      -0.247        1.692           -0.397           0.738
  1780       0.288        2.317           -0.343           0.800
  1781      -0.448        1.097           -0.381           0.837
  1782      -0.644        1.261           -0.463           0.688
  1783      -0.856        0.939           -0.705           0.491
  1784      -0.655        1.538           -0.728           0.598
  1785      -0.921        1.124           -0.689           0.698
  1786      -0.561        1.091           -0.575           0.781
  1787      -0.452        0.933           -0.475           0.560
  1788      -0.284        0.964           -0.376           0.402
  1789      -0.159        0.561           -0.289           0.375
  1790      -0.423        0.633           -0.268           0.345
  1791      -0.127        0.671           -0.243           0.347
  1792      -0.347        0.715           -0.173           0.383
  1793      -0.157        1.203           -0.039           0.463
  1794       0.188        0.756           -0.045           0.599
  1795       0.249        0.926            0.044           0.512
  1796      -0.157        1.166            0.077           0.408
  1797       0.098        0.887           -0.062           0.493
  1798       0.007        0.548           -0.172           0.455
  1799      -0.507        0.883           -0.062           0.468
  1800      -0.304        0.722           -0.035           0.507
  1801       0.393        0.758           -0.024           0.588
  1802       0.238        0.823            0.102           0.560
  1803       0.062        0.647            0.165           0.557
  1804       0.121        0.794            0.065           0.566
  1805       0.011        0.752           -0.070           0.600
  1806      -0.108        0.874           -0.287           0.727
  1807      -0.434        0.918           -0.603           0.872
  1808      -1.025        1.375           -0.917           0.982
  1809      -1.458        1.276           -1.207           0.958
  1810      -1.559        1.171           -1.401           0.948
  1811      -1.561        0.837           -1.361           0.813
  1812      -1.403        1.140           -1.258           0.753
  1813      -0.823        1.082           -1.218           0.706
  1814      -0.945        1.089           -1.244           0.572
  1815      -1.360        0.905           -1.247           0.544
  1816      -1.690        0.938           -1.151           0.555
  1817      -1.414        0.827           -1.200           0.595
  1818      -0.347        1.107           -1.095           0.631
  1819      -1.186        0.781           -0.886           0.652
  1820      -0.835        0.778           -0.720           0.697
  1821      -0.650        0.706           -0.824           0.682
  1822      -0.581        0.835           -0.637           0.681
  1823      -0.866        0.891           -0.558           0.729
  1824      -0.254        0.694           -0.486           0.732
  1825      -0.441        0.946           -0.353           0.676
  1826      -0.290        0.732           -0.294           0.628
  1827       0.084        0.692           -0.400           0.637
  1828      -0.567        0.684           -0.337           0.613
  1829      -0.787        0.808           -0.474           0.706
  1830      -0.124        0.844           -0.723           0.866
  1831      -0.974        1.387           -0.728           0.952
  1832      -1.163        1.145           -0.666           0.909
  1833      -0.593        1.088           -0.887           0.906
  1834      -0.478        0.818           -0.879           0.851
  1835      -1.227        0.843           -0.904           0.757
  1836      -0.933        0.839           -1.016           0.681
  1837      -1.290        0.706           -1.104           0.670
  1838      -1.150        0.715           -1.032           0.608
  1839      -0.918        0.872           -1.050           0.532
  1840      -0.868        0.523           -0.920           0.504
  1841      -1.023        0.507           -0.787           0.464
  1842      -0.639        0.606           -0.803           0.435
  1843      -0.486        0.480           -0.798           0.442
  1844      -0.997        0.527           -0.600           0.416
  1845      -0.847        0.535           -0.576           0.388
  1846      -0.034        0.467           -0.601           0.387
  1847      -0.517        0.524           -0.525           0.376
  1848      -0.608        0.506           -0.503           0.382
  1849      -0.619        0.512           -0.583           0.387
  1850      -0.735        0.516           -0.589           0.390
  1851      -0.433        0.386           -0.577           0.383
  1852      -0.547        0.447           -0.535           0.381
  1853      -0.548        0.484           -0.489           0.351
  1854      -0.411        0.463           -0.526           0.333
  1855      -0.507        0.367           -0.592           0.308
  1856      -0.618        0.332           -0.578           0.275
  1857      -0.875        0.329           -0.556           0.255
  1858      -0.481        0.319           -0.597           0.267
  1859      -0.302        0.350           -0.627           0.269
  1860      -0.710        0.372           -0.672           0.256
  1861      -0.766        0.342           -0.663           0.250
  1862      -1.101        0.361           -0.730           0.246
  1863      -0.438        0.361           -0.679           0.246
  1864      -0.635        0.373           -0.602           0.243
  1865      -0.456        0.278           -0.428           0.245
  1866      -0.382        0.387           -0.436           0.252
  1867      -0.226        0.319           -0.356           0.257
  1868      -0.480        0.385           -0.363           0.262
  1869      -0.237        0.300           -0.404           0.241
  1870      -0.489        0.356           -0.460           0.238
  1871      -0.590        0.290           -0.433           0.229
  1872      -0.507        0.299           -0.429           0.234
  1873      -0.344        0.285           -0.475           0.204
  1874      -0.215        0.276           -0.458           0.183
  1875      -0.720        0.208           -0.375           0.182
  1876      -0.504        0.184           -0.252           0.164
  1877      -0.090        0.269           -0.295           0.156
  1878       0.271        0.180           -0.260           0.151
  1879      -0.432        0.219           -0.216           0.152
  1880      -0.545        0.191           -0.285           0.131
  1881      -0.283        0.175           -0.448           0.128
  1882      -0.435        0.163           -0.510           0.115
  1883      -0.543        0.163           -0.519           0.113
  1884      -0.744        0.157           -0.580           0.116
  1885      -0.589        0.193           -0.616           0.117
  1886      -0.588        0.160           -0.588           0.122
  1887      -0.619        0.155           -0.482           0.121
  1888      -0.401        0.174           -0.482           0.129
  1889      -0.215        0.189           -0.470           0.120
  1890      -0.589        0.214           -0.445           0.117
  1891      -0.526        0.116           -0.462           0.125
  1892      -0.493        0.141           -0.491           0.124
  1893      -0.489        0.197           -0.446           0.121
  1894      -0.356        0.179           -0.402           0.125
  1895      -0.363        0.151           -0.350           0.118
  1896      -0.311        0.153           -0.324           0.100
  1897      -0.230        0.139           -0.275           0.098
  1898      -0.358        0.130           -0.205           0.097
  1899      -0.114        0.144           -0.148           0.097
  1900      -0.011        0.117           -0.153           0.103
  1901      -0.025        0.162           -0.147           0.113
  1902      -0.257        0.144           -0.218           0.119
  1903      -0.330        0.145           -0.282           0.121
  1904      -0.470        0.147           -0.310           0.113
  1905      -0.327        0.133           -0.376           0.112
  1906      -0.167        0.142           -0.386           0.110
  1907      -0.587        0.138           -0.370           0.105
  1908      -0.379        0.136           -0.375           0.111
  1909      -0.388        0.119           -0.424           0.110
  1910      -0.352        0.134           -0.392           0.114
  1911      -0.412        0.147           -0.376           0.117
  1912      -0.427        0.148           -0.295           0.125
  1913      -0.298        0.147           -0.228           0.129
  1914       0.015        0.156           -0.219           0.120
  1915      -0.017        0.151           -0.250           0.108
  1916      -0.366        0.113           -0.284           0.100
  1917      -0.582        0.109           -0.334           0.091
  1918      -0.471        0.109           -0.385           0.084
  1919      -0.236        0.118           -0.323           0.081
  1920      -0.272        0.117           -0.251           0.085
  1921      -0.056        0.104           -0.199           0.084
  1922      -0.221        0.108           -0.180           0.080
  1923      -0.211        0.106           -0.148           0.073
  1924      -0.138        0.110           -0.122           0.075
  1925      -0.113        0.098           -0.108           0.077
  1926       0.073        0.108           -0.073           0.078
  1927      -0.149        0.111           -0.135           0.078
  1928      -0.038        0.106           -0.125           0.078
  1929      -0.451        0.110           -0.133           0.073
  1930      -0.062        0.094           -0.100           0.070
  1931       0.033        0.088           -0.161           0.070
  1932       0.017        0.100           -0.084           0.066
  1933      -0.343        0.109           -0.109           0.069
  1934      -0.066        0.096           -0.145           0.069
  1935      -0.187        0.095           -0.149           0.067
  1936      -0.148        0.090           -0.045           0.061
  1937      -0.002        0.098           -0.015           0.059
  1938       0.175        0.086            0.037           0.059
  1939       0.085        0.099            0.079           0.060
  1940       0.074        0.091            0.085           0.060
  1941       0.062        0.093            0.063           0.063
  1942       0.032        0.090            0.078           0.063
  1943       0.065        0.093            0.041           0.063
  1944       0.158        0.098            0.027           0.062
  1945      -0.110        0.091            0.042           0.062
  1946      -0.011        0.087            0.039           0.058
  1947       0.108        0.086           -0.014           0.055
  1948       0.049        0.079           -0.055           0.053
  1949      -0.106        0.083           -0.063           0.049
  1950      -0.313        0.075           -0.091           0.049
  1951      -0.051        0.062           -0.061           0.052
  1952      -0.033        0.082           -0.062           0.053
  1953       0.198        0.093           -0.009           0.050
  1954      -0.112        0.080           -0.077           0.048
  1955      -0.046        0.057           -0.072           0.045
  1956      -0.392        0.034           -0.094           0.041
  1957      -0.007        0.055           -0.056           0.037
  1958       0.085        0.066           -0.066           0.039
  1959       0.082        0.038            0.036           0.041
  1960      -0.095        0.058            0.050           0.041
  1961       0.117        0.047            0.070           0.040
  1962       0.063        0.068           -0.002           0.033
  1963       0.182        0.067           -0.011           0.031
  1964      -0.275        0.027           -0.046           0.026
  1965      -0.141        0.037           -0.049           0.020
  1966      -0.058        0.018           -0.117           0.019
  1967       0.047        0.024           -0.075           0.016
  1968      -0.156        0.036           -0.037           0.014
  1969      -0.069        0.025           -0.035           0.020
  1970       0.051        0.031           -0.075           0.021
  1971      -0.047        0.052            0.020           0.017
  1972      -0.154        0.023           -0.000           0.017
  1973       0.319        0.015            0.013           0.021
  1974      -0.171        0.042           -0.030           0.021
  1975       0.119        0.053            0.052           0.023
  1976      -0.264        0.030            0.005           0.023
  1977       0.255        0.024            0.060           0.016
  1978       0.088        0.026            0.109           0.012
  1979       0.102        0.045            0.270           0.017
  1980       0.363        0.047            0.227           0.019
  1981       0.541        0.026            0.294           0.022
  1982       0.039        0.032            0.289           0.024
  1983       0.422        0.032            0.227           0.023
  1984       0.077        0.025            0.169           0.019
  1985       0.054        0.048            0.243           0.013
  1986       0.253        0.021            0.280           0.012
  1987       0.408        0.019            0.330           0.020
  1988       0.606        0.036            0.448           0.021
  1989       0.331        0.050            0.518           0.020
  1990       0.640        0.021            0.483           0.016
  1991       0.603        0.017            0.418           0.012
  1992       0.234        0.021            0.442           0.009
  1993       0.280        0.014            0.466           0.012
  1994       0.455        0.023            0.434           0.014
  1995       0.756        0.028            0.507           0.017
  1996       0.445        0.030            0.638           0.021
  1997       0.597        0.025            0.684           0.024
  1998       0.936        0.024            0.654           0.024
  1999       0.686        0.032            0.727           0.023
  2000       0.606        0.030            0.804           0.024
  2001       0.812        0.036            0.802           0.026
  2002       0.979        0.033            0.811           0.029
  2003       0.926        0.028            0.912           0.026
  2004       0.732        0.039            0.936           0.025
  2005       1.109        0.020            0.969           0.029
  2006       0.935        0.035            0.953           0.028
  2007       1.140        0.039            0.995           0.027
  2008       0.849        0.031            0.997           0.029
  2009       0.940        0.031            0.999           0.027
  2010       1.118        0.026            0.950           0.026
  2011       0.944        0.027            0.983           0.025
  2012       0.897        0.039            0.991           0.022
  2013       1.013        0.040            1.015           0.024
  2014       0.981        0.027            1.114           0.029
  2015       1.242        0.041            1.197           0.033
  2016       1.436        0.041            1.224           0.032
  2017       1.311        0.029            1.297           0.037
  2018       1.149        0.039            1.349           0.037
  2019       1.348        0.053            1.311           0.039
  2020       1.503        0.047            1.298           0.046
  2021       1.245        0.042            1.395           0.049
  2022       1.243        0.060              NaN             NaN
  2023       1.636        0.056              NaN             NaN
